142795138888.889
125892857142.857
124599636426.593
1586612654320.988
155423280423.280
138828607253.086
132317159001.790
132387706855.792
130759336339.461
129783037475.345
132329645305.809
131493114882.331
13407338.582
20562499999999.996
157920000000.000
146875000000.000
146222222222.222
141032235939.643
139010951865.873
136570160608.622
136703601108.033
137757994279.677
135674898670.940
138558208485.883
13159999999999.994
174980609418.283
155071121959.431
148690064260.999
142347214710.654
144417009602.195
143582622495.537
138520240340.336
144273907910.272
142155009451.796
141561188999.247
